0 0.5008347245409015 0.5590200445434298 0.06010016694490818 0.0757238307349666
0 0.5442404006677797 0.5556792873051225 0.04006677796327212 0.0645879732739421
0 0.6035058430717863 0.5478841870824054 0.05509181969949917 0.07126948775055679
0 0.659432387312187 0.5400890868596881 0.04674457429048414 0.0556792873051225
0 0.7220367278797997 0.534521158129176 0.045075125208681135 0.062360801781737196
0 0.8088480801335559 0.5356347438752784 0.045075125208681135 0.051224944320712694
0 0.8739565943238731 0.5256124721603563 0.045075125208681135 0.05790645879732739
0 0.7495826377295493 0.6581291759465479 0.09682804674457429 0.13140311804008908
0 0.8981636060100167 0.5612472160356348 0.06010016694490818 0.08908685968819599
0 0.9799666110183639 0.5133630289532294 0.04006677796327212 0.0645879732739421
0 0.9415692821368948 0.5089086859688196 0.03005008347245409 0.042316258351893093
0 0.9115191986644408 0.5278396436525612 0.04006677796327212 0.0400890868596882
0 0.7979966611018364 0.5690423162583519 0.06010016694490818 0.060133630289532294
0 0.27462437395659434 0.5144766146993318 0.021702838063439065 0.031180400890868598
0 0.5475792988313857 0.5167037861915368 0.02671118530884808 0.031180400890868598
0 0.7821368948247078 0.5178173719376392 0.028380634390651086 0.0334075723830735
0 0.8447412353923205 0.5200445434298441 0.03005008347245409 0.0467706013363029
0 0.6844741235392321 0.5267260579064588 0.03005008347245409 0.051224944320712694
