0 0.3126984126984127 0.75 0.13333333333333333 0.2
0 0.6611111111111111 0.5464285714285714 0.09365079365079365 0.16428571428571428
0 0.7396825396825397 0.6738095238095239 0.13015873015873017 0.2
0 0.8071428571428572 0.319047619047619 0.05873015873015873 0.1
0 0.780952380952381 0.23333333333333334 0.06031746031746032 0.09523809523809523
0 0.6579365079365079 0.26904761904761904 0.046031746031746035 0.08571428571428572
0 0.6452380952380953 0.19047619047619047 0.046031746031746035 0.0761904761904762
0 0.346031746031746 0.036904761904761905 0.01904761904761905 0.030952380952380953
0 0.5206349206349207 0.034523809523809526 0.01904761904761905 0.03571428571428571
0 0.5841269841269842 0.03214285714285714 0.01904761904761905 0.03571428571428571
0 0.32222222222222224 0.036904761904761905 0.01904761904761905 0.03571428571428571
0 0.11031746031746031 0.04880952380952381 0.020634920634920634 0.03571428571428571
0 0.1634920634920635 0.06547619047619048 0.01904761904761905 0.030952380952380953
0 0.623015873015873 0.27380952380952384 0.04285714285714286 0.09047619047619047
