0 0.26594202898550723 0.5762548262548263 0.15797101449275364 0.2335907335907336
0 0.7739130434782608 0.48166023166023164 0.11014492753623188 0.16023166023166024
0 0.6130434782608696 0.31177606177606176 0.057971014492753624 0.09073359073359073
0 0.5543478260869565 0.2644787644787645 0.04782608695652174 0.07335907335907337
0 0.5195652173913043 0.22393822393822393 0.050724637681159424 0.07722007722007722
0 0.3804347826086957 0.34266409266409265 0.05652173913043478 0.09073359073359073
0 0.372463768115942 0.4372586872586873 0.08115942028985507 0.12934362934362933
0 0.4036231884057971 0.24517374517374518 0.050724637681159424 0.08108108108108109
0 0.49492753623188407 0.1554054054054054 0.036231884057971016 0.0637065637065637
0 0.25217391304347825 0.2905405405405405 0.06086956521739131 0.08687258687258688
0 0.0746376811594203 0.4218146718146718 0.07971014492753623 0.10231660231660232
0 0.27318840579710146 0.23262548262548263 0.04782608695652174 0.0637065637065637
0 0.8427536231884057 0.21042471042471042 0.03333333333333333 0.04633204633204633
0 0.6442028985507247 0.06563706563706563 0.02463768115942029 0.04633204633204633
0 0.2543478260869565 0.1138996138996139 0.02753623188405797 0.04247104247104247
0 0.45507246376811594 0.12548262548262548 0.02608695652173913 0.03861003861003861
