0 0.579 0.3870056497175141 0.022 0.03954802259887006
0 0.615 0.4053672316384181 0.022 0.025423728813559324
0 0.489 0.3135593220338983 0.022 0.03389830508474576
0 0.444 0.2062146892655367 0.024 0.03954802259887006
0 0.389 0.3488700564971751 0.018 0.03672316384180791
0 0.355 0.2725988700564972 0.022 0.03672316384180791
0 0.306 0.307909604519774 0.024 0.03389830508474576
0 0.204 0.3022598870056497 0.024 0.02824858757062147
0 0.28 0.3290960451977401 0.024 0.03672316384180791
0 0.165 0.3333333333333333 0.026 0.03389830508474576
0 0.131 0.3418079096045198 0.026 0.03954802259887006
0 0.178 0.3206214689265537 0.02 0.031073446327683617
