0 0.853125 0.5409090909090909 0.13125 0.21363636363636362
0 0.1578125 0.7306818181818182 0.1 0.12954545454545455
0 0.5125 0.2534090909090909 0.021875 0.038636363636363635
0 0.425 0.32386363636363635 0.021875 0.038636363636363635
0 0.40703125 0.3125 0.0171875 0.03409090909090909
0 0.32890625 0.48863636363636365 0.0296875 0.05
0 0.20078125 0.3886363636363636 0.0296875 0.045454545454545456
0 0.63203125 0.2 0.0140625 0.022727272727272728
0 0.49140625 0.29545454545454547 0.0171875 0.02727272727272727
0 0.5859375 0.19090909090909092 0.01875 0.02727272727272727
