0 0.58056640625 0.6624015748031497 0.1591796875 0.4074803149606299
0 0.93310546875 0.8454724409448819 0.0400390625 0.11220472440944881
0 0.41943359375 0.6958661417322834 0.0185546875 0.0688976377952756
0 0.3232421875 0.7037401574803149 0.01953125 0.0531496062992126
0 0.33740234375 0.6860236220472441 0.0126953125 0.0531496062992126
0 0.333984375 0.296259842519685 0.1171875 0.2736220472440945
0 0.1728515625 0.42618110236220474 0.01171875 0.02952755905511811
0 0.197265625 0.2372047244094488 0.01171875 0.03346456692913386
0 0.177734375 0.2312992125984252 0.009765625 0.02952755905511811
0 0.197265625 0.2047244094488189 0.009765625 0.027559055118110236
0 0.1357421875 0.23523622047244094 0.013671875 0.03346456692913386
0 0.12451171875 0.19586614173228348 0.0107421875 0.025590551181102362
0 0.14404296875 0.19586614173228348 0.0087890625 0.025590551181102362
0 0.15966796875 0.19783464566929135 0.0087890625 0.025590551181102362
0 0.177734375 0.19586614173228348 0.009765625 0.025590551181102362
